1
32
0 2 1
2 0 0
3 1 1
1 3 0
0 3 0
3 0 0
1 2 1
2 1 0
0 1 1
1 0 0
3 2 1
2 3 0
7 6 1
6 7 0
5 4 1
4 5 0
7 4 1
4 7 0
5 6 1
6 5 0
6 4 1
4 6 0
7 5 1
5 7 0
8 10 1
10 8 0
9 11 1
11 9 0
8 9 1
9 8 0
11 10 0
10 11 0
8 11 1
11 8 0
10 9 1
9 10 0
12 15 1
15 12 0
14 13 1
13 14 0
15 13 1
13 15 0
12 14 1
14 12 0
15 14 1
14 15 0
12 13 0
13 12 0
19 16 1
16 19 0
17 18 1
18 17 0
17 19 1
19 17 0
16 18 1
18 16 0
19 18 1
18 19 0
16 17 0
17 16 0
20 21 1
21 20 0
22 23 0
23 22 0
20 22 1
22 20 0
23 21 1
21 23 0
20 23 1
23 20 0
21 22 1
22 21 0
24 27 1
27 24 0
25 26 1
26 25 0
24 26 0
26 24 0
25 27 0
27 25 0
24 25 1
25 24 0
27 26 1
26 27 0
29 28 1
28 29 0
30 31 0
31 30 0
29 31 1
31 29 0
28 30 1
30 28 0
29 30 1
30 29 0
28 31 0
31 28 0
0 5 1
5 0 0
8 15 1
15 8 0
17 23 1
23 17 0
24 28 1
28 24 0
7 3 1
3 7 0
12 10 1
10 12 0
20 19 1
19 20 0
29 25 1
25 29 0
0 8 1
8 0 0
24 17 1
17 24 0
7 12 1
12 7 0
20 29 1
29 20 0
24 0 1
0 24 0
20 7 1
7 20 0
24 20 1
20 24 0