0
12
0 1 741
0 2 1143
0 3 1569
0 4 1723
0 5 3102
0 6 3777
0 7 4058
0 8 2113
0 9 4058
0 10 2120
0 11 4467
1 2 417
1 3 843
1 4 997
1 5 2376
1 6 3050
1 7 3332
1 8 1387
1 9 3331
1 10 1702
1 11 4049
2 3 434
2 4 591
2 5 1970
2 6 2645
2 7 2926
2 8 1007
2 9 2926
2 10 1527
2 11 3874
3 4 442
3 5 1570
3 6 2313
3 7 2594
3 8 1167
3 9 2594
3 10 1926
3 11 4273
4 5 1410
4 6 2034
4 7 2366
4 8 735
4 9 2365
4 10 1572
4 11 3919
5 6 805
5 7 1090
5 8 1481
5 9 1186
5 10 2550
5 11 4895
6 7 288
6 8 2158
6 9 788
6 10 3225
6 11 4614
7 8 2436
7 9 533
7 10 3505
7 11 4634
8 9 2115
8 10 1079
8 11 3424
9 10 3187
9 11 4197
10 11 2347