1
12
2 9 0
9 8 0
7 11 1
11 8 1
2 11 2
11 6 2
7 9 3
9 6 3
10 0 4
0 1 4
10 3 5
3 2 5
5 3 6
3 1 6
5 0 7
0 2 7
4 8 8
8 10 8
6 8 9
8 9 9
4 7 10
7 9 10
6 7 11
7 10 11
9 6 12
6 4 12
11 2 13
2 4 13
11 6 14
6 7 14
9 2 15
2 7 15
8 1 16
1 3 16
0 5 17
5 3 17
0 1 18
1 11 18
8 5 19
5 11 19
3 4 20
4 0 20
3 10 21
10 5 21
1 4 22
4 5 22
1 11 23
11 0 23
5 9 24
9 6 24
7 11 25
11 6 25
7 9 26
9 8 26
5 11 27
11 8 27
4 0 28
0 1 28
4 3 29
3 2 29
11 0 30
0 2 30
11 3 31
3 1 31
8 4 0
2 4 5
10 3 8
7 3 15
3 8 17
0 8 23
6 0 24
1 0 28
6 9 3
2 9 7
4 6 12
9 6 10
0 2 20
11 2 20
2 5 29
6 5 25
4 9 0
3 9 8
8 3 17
0 3 24
9 5 7
6 5 12
2 8 20
5 8 29
9 4 0
3 4 24
5 2 7
8 2 20
4 3 24
2 3 20
4 8 0
2 8 7
